6.334394545448791,42.87558925758272,115.82664590285957,84.21723354593512,73.617174458298,187.62294528442808,70.6096185168968,47.535144576167376
7.025755743468672,63.28610679252763,99.96290119605078,6.540217974499747,79.56602237211185,3.0026702529923064,71.9591500366129,41.02556540372595
5.118725981178495,30.131062773696456,106.63140986362227,9.664034018541358,81.92171449062916,1.9880192753083352,62.36846983303279,0.8766709676579729
5.7575167446565665,5.935901593414544,4.8502925800781265,0.3804887614989016,9.060872396637505,1.5424582476346564,4.5631777967460865,2.978166917033845
6.721209173465974,4.952907859899568,5.344038831080388,10.631804606900234,8.128169680148646,7.477767091769323,2.662188281249999,4.878230049945383
5.260655593664877,1.8193448837668729,0.14999999999999997,2.3927059744554473,9.676913752626929,0.27793324695747224,0.9134062499999998,0.5979714382965646
7.299814506873797,6.0437950887755,7.379607387184757,2.19596547451123,6.7175406522585055,0.9676760336871155,0.14999999999999997,0.8766709676579729
4.680562242828406,5.489376977218589,0.14999999999999997,7.707273625673298,3.202036214321018,3.787804944320655,0.5962499999999997,0.978300067610848
0.5468901551242249,4.508031075629747,0.14999999999999997,0.3804887614989016,6.2688004702606746,4.936216158452502,0.14999999999999997,0.5979714382965646
0.5338613436928165,4.5566445824972694,2.9148928378362013,1.0029278886827049,6.06499284687634,4.072470702291779,0.9229687499999998,0.5979714382965646
5.9920917012088655,6.055295602733273,2.300140078124999,1.5029919518754888,3.644186017583055,2.15381512962033,0.4687499999999999,2.14703471706891
0.5438448440719169,0.25561007712688566,0.14999999999999997,13.54854460999506,1.4889964377419047,0.6385104508640156,0.14999999999999997,3.738040164075776
0.539477762149623,3.997373298191961,0.14999999999999997,1.0624511823998872,3.0117393066459734,4.091904390176632,4.38379072579961,4.034006428971405
4.263895297059229,10.539868921793076,6.580888567272951,0.3804887614989016,3.856468059460928,1.6810335089486406,0.14999999999999997,2.076458953212747
0.5327859280276823,1.4559265670212724,0.14999999999999997,0.3804887614989016,1.2935439198530922,0.45703498260913483,0.5324999999999998,0.5979714382965646
0.5459366480396644,1.62653621739727,0.14999999999999997,3.38301433410214,2.035355072756713,4.497371119954862,0.14999999999999997,4.536345122526653
0.5419432207558823,1.0392137479116768,1.8855937499999995,1.4395354883177176,2.590863836954764,3.2887722852583656,0.5324999999999998,0.5979714382965646
3.9807834887101468,0.7396204854762298,3.8056302066734156,1.50640655890339,1.8229018979792462,2.946783404019658,0.14999999999999997,0.5979714382965646
0.5436963308849488,0.3489982718535021,0.14999999999999997,2.6398527721154728,1.5370068286915928,2.390396732695538,0.14999999999999997,0.5979714382965646
0.5506165584512565,5.508661173344584,1.5588749999999996,0.5765120760314822,4.059180460693254,0.6558354922854692,0.14999999999999997,0.5979714382965646
3.55883679518263,0.25561007712688566,0.14999999999999997,0.3804887614989016,5.11703538791843,1.185488960807345,0.7859062499999997,2.782216591774379
0.5383790469022419,15.830607821507376,0.14999999999999997,1.027105285284977,1.6551354934704328,0.8712458810579808,0.14999999999999997,0.5979714382965646
5.883113120627904,1.6682605892255549,5.92240643701172,6.465260191666729,1.547047538601303,0.6113193198257622,0.14999999999999997,0.5979714382965646
0.5327859280276823,1.552064965974521,0.14999999999999997,1.019449591395368,0.7360615972238385,1.7341119358722707,7.569360531293197,0.5979714382965646
0.5395919949789733,1.3144116162654162,1.1062499999999995,6.698021727520181,4.792533736490474,0.30143140494525306,0.14999999999999997,2.1682074462257597
0.5383208571712271,1.3685325227721394,0.14999999999999997,0.9193358646539644,0.7894797967163083,0.694895301866919,11.898009825765168,0.5979714382965646
7.023315196746339,1.4418960286007467,2.7701249999999993,0.3804887614989016,1.2630719541274202,0.6753818007687924,3.058059071395288,1.501341215655453
0.5449572756057209,0.3280286241856042,0.14999999999999997,2.4011653983303876,2.4859850793360327,3.3003366287348506,4.078273182694796,0.5979714382965646
0.5382731898084684,1.166709511244761,0.14999999999999997,1.845586565581478,1.7599520055981537,1.4975781698406876,0.7317187499999999,2.352712657449729
0.5328070633575115,2.1564078760950705,2.1473273437499993,2.2719835396525845,1.5899578834752346,0.60390954723107,0.14999999999999997,1.584445056615495
6.3550904002159525,0.5479649224198382,0.14999999999999997,0.7037970233919395,0.7281267453240965,0.9027131296925751,0.14999999999999997,0.5979714382965646
3.775548522177082,0.541744976311137,0.14999999999999997,0.3804887614989016,1.5909192438306883,3.1054044494054462,0.14999999999999997,0.5979714382965646
0.5411403997345268,3.805990740255122,0.14999999999999997,0.3804887614989016,1.258353680484317,0.27793324695747224,0.14999999999999997,3.6714712163620353
0.5447407172103982,0.7817284852004689,0.14999999999999997,1.027105285284977,0.7450982234921263,0.6558354922854692,0.14999999999999997,0.8766709676579729
0.5423244775419833,0.25561007712688566,1.1062499999999995,1.1887594162314963,0.7699100260556029,0.46688436962147073,0.14999999999999997,0.5979714382965646
0.5370551679320925,8.999859142281831,0.14999999999999997,0.7037970233919395,1.666999822440431,0.29578158863145615,0.14999999999999997,2.1012352084328403
0.5356572300507885,0.25561007712688566,0.14999999999999997,0.7785797397146309,1.4745271472014854,2.0779550043987722,0.14999999999999997,0.5979714382965646
0.5353186905014273,1.5214119345618924,0.14999999999999997,0.3804887614989016,1.6151632892019878,0.9031255875655171,4.691995723987753,0.5979714382965646
0.538299721841398,8.390591713972682,0.14999999999999997,0.3804887614989016,1.1406224744287097,0.6373998416074376,0.14999999999999997,1.8929619671867228
0.5435854222627554,1.590057587215287,0.14999999999999997,0.3804887614989016,0.5314450420275878,0.5623720995168762,0.14999999999999997,0.5979714382965646
0.5324894903498509,0.25561007712688566,0.14999999999999997,0.3804887614989016,0.9327982242919919,1.4131995619255766,0.14999999999999997,0.5979714382965646
0.5373114919001154,0.680840500337013,3.411326484374999,0.5421428924454206,0.537235504394531,1.5299322136240865,0.5324999999999998,0.7673532715513562
0.5397853605191228,1.1918642098557966,0.14999999999999997,0.3804887614989016,1.2179092947875974,0.5190630624588431,0.14999999999999997,0.5979714382965646
0.5498137374299009,1.182227771328772,0.14999999999999997,1.887233505726823,1.5904665459121483,0.9008464022334,0.14999999999999997,0.8766709676579729
0.5532325182089364,1.9075155695718002,0.14999999999999997,0.3804887614989016,1.7764914867572474,0.8087568778667028,0.14999999999999997,0.5979714382965646
0.5353398258312564,0.25561007712688566,0.14999999999999997,0.3804887614989016,0.4561948958432005,0.2989383744101655,0.5962499999999997,1.5118528423634416
0.5328070633575115,0.6125764866932653,0.14999999999999997,1.4182486232466398,1.2018970354960747,0.9640320998691844,0.14999999999999997,2.1012352084328403
0.5451338270183088,7.397583088634549,1.8794179687499994,0.4882581821299142,0.5337677459472654,0.6558354922854692,0.14999999999999997,0.5979714382965646
0.5368004906412934,0.8725937570054381,0.14999999999999997,0.3804887614989016,0.7572243364334333,1.8375722747438314,0.14999999999999997,0.5979714382965646
5.651264735001012,0.3469920065431791,0.14999999999999997,0.7037970233919395,1.667586027386169,0.8762632572592255,0.6599999999999998,0.5979714382965646
0.5288014180361412,0.48273322429999244,0.14999999999999997,0.3804887614989016,1.9939070684956832,0.49038252760925155,0.14999999999999997,1.1553704970193814
0.5345187319444648,6.22499006219603,0.14999999999999997,0.3804887614989016,0.8432787703491209,1.7891530338700297,0.14999999999999997,1.6635159967837563
3.8206299646507835,0.45651615219591607,0.14999999999999997,1.5770122226619643,0.5306348997436521,1.317700441864707,0.14999999999999997,2.679806996312506
0.5411460861762963,0.6545982344971286,0.14999999999999997,5.888071533602709,0.9082942181166783,0.40886402502335184,0.14999999999999997,0.8766709676579729
0.5296225119229329,0.4728657183030413,0.14999999999999997,0.3804887614989016,0.4726546874999999,1.79751286787646,0.14999999999999997,1.4864455673752228
0.5288511630994973,0.40720446392738247,0.14999999999999997,0.3804887614989016,0.21374999999999994,1.0223475179039967,0.5962499999999997,0.5979714382965646
0.5490824742075424,0.40696794644784406,0.14999999999999997,3.1754704995094887,1.1158960600946044,1.467174932234431,0.14999999999999997,0.5979714382965646
0.5373114919001154,0.8729597264628236,0.14999999999999997,0.3804887614989016,0.6870782878024747,1.0484068597092957,0.14999999999999997,2.7999352706088554
0.5379956064973002,0.6883310475724725,0.14999999999999997,0.3804887614989016,1.1319347166475369,1.1542948451266946,0.14999999999999997,0.6705636525486182
4.832264433238219,1.7551195068679313,0.14999999999999997,0.7037970233919395,0.8989416937729565,0.9988586944110769,0.14999999999999997,0.5979714382965646
4.836168514369365,0.25561007712688566,0.14999999999999997,0.3804887614989016,1.6708050766067137,0.7491543419598766,0.14999999999999997,0.5979714382965646
0.5368004906412934,0.25561007712688566,0.14999999999999997,1.6792517261820148,0.8816508997513043,0.5215153200246309,0.14999999999999997,0.5979714382965646
3.111945743980436,0.25561007712688566,0.14999999999999997,2.576469255543986,1.0864961602102658,0.751693935743824,6.781517512324124,0.922866013091098
0.5494410218800017,0.25561007712688566,0.14999999999999997,0.3804887614989016,0.7662656478103864,1.410279716723319,0.14999999999999997,0.5979714382965646
0.541345032893706,0.7364030388362971,3.136209374999999,2.0364646128499895,0.9708376870193708,0.525948433542851,0.14999999999999997,0.6342675454225914
0.546315349202755,0.30504858308295196,0.14999999999999997,0.5421428924454206,1.5650867322811886,0.6113193198257622,7.086280570221959,0.6544320493814951
0.5416152505920235,1.276771411250878,0.14999999999999997,0.5421428924454206,1.2988385828869853,0.6462400925151183,6.63479004701127,0.978300067610848
3.115147837084476,0.831393656676324,0.14999999999999997,1.3020587539734707,1.05919306837738,1.1720217071134424,6.425807618216858,1.4600039825397004
0.5442988622463035,0.4466016057123303,0.14999999999999997,0.8654511543384583,1.3966397839059672,0.27793324695747224,3.3211469041625974,0.8766709676579729
0.5574180497722583,0.25561007712688566,0.14999999999999997,0.6410101091790773,0.8831244094199064,1.0319562201093224,0.5324999999999998,0.7250078132376584
0.5476111318071011,3.8321038803483174,0.14999999999999997,7.515672677289823,0.7900206009155272,1.079364366034261,0.14999999999999997,0.5979714382965646
0.5414588873785751,1.3696958280156841,0.9787499999999996,1.3622579639426924,1.0007208522621927,0.8724883422642562,0.8225624999999998,0.852044188178752
0.5397853605191228,0.25561007712688566,0.14999999999999997,0.3804887614989016,0.8226273955078123,1.0842697904472256,0.5324999999999998,1.4310115128554728
3.342540207351835,0.45762609244157987,0.14999999999999997,0.3804887614989016,1.208538379724121,1.0719959182117316,0.14999999999999997,0.8766709676579729
0.5561955085066566,0.25561007712688566,0.14999999999999997,0.3804887614989016,1.106955290278038,0.27793324695747224,0.4687499999999999,0.8766709676579729
0.5437342273286491,0.25561007712688566,0.14999999999999997,0.7037970233919395,0.7860901808587644,0.741066958450992,0.14999999999999997,0.5979714382965646
5.036418019712003,0.930069054919664,0.14999999999999997,0.5421428924454206,0.9327858063308941,0.336993654689321,0.14999999999999997,0.629730532031838
3.5506720748392677,1.548816135239782,0.14999999999999997,0.7037970233919395,0.9658111103997801,1.4584435265951408,0.14999999999999997,0.5979714382965646
0.5476810617223323,1.2753373318328387,0.14999999999999997,0.3804887614989016,0.4619695898437499,0.3418197284219967,0.14999999999999997,0.7673532715513562
4.549501818183695,0.36423789771496345,0.14999999999999997,0.7037970233919395,0.7340951659386159,0.8920917479709907,0.14999999999999997,0.5979714382965646
0.5575688641213948,0.25561007712688566,1.7404031249999996,14.176958729221727,0.8957351341186521,1.414333658998872,1.1126249999999995,0.5979714382965646
0.5551164627193078,0.6981444530539029,0.14999999999999997,0.45527147782159305,0.28434615234374994,0.8106215166797951,0.14999999999999997,0.5979714382965646
0.5402089369751426,0.25561007712688566,0.14999999999999997,1.646455299288947,0.6181342543945311,0.5422066842843457,0.5324999999999998,0.7673532715513562
0.5417660649411601,0.25561007712688566,0.14999999999999997,0.5421428924454206,0.5704585784545896,0.27793324695747224,0.14999999999999997,0.6705636525486182
0.5389652135710599,0.3280286241856042,0.14999999999999997,0.3804887614989016,0.21374999999999994,0.27793324695747224,0.14999999999999997,0.5979714382965646
0.554386280866831,0.43238183996275686,2.944908574218749,1.3504135471780152,1.111284189686302,1.078354616178401,0.14999999999999997,0.5979714382965646
0.5269838923554143,0.2990612053621167,0.14999999999999997,1.3020587539734707,0.3619164370239257,1.402563001616299,3.7938346274414068,0.8689823715042313
0.5402089369751426,1.3839651524209167,0.14999999999999997,1.224105313346406,0.5505472952591169,0.27793324695747224,2.4402496289062494,0.5979714382965646
0.5490824742075424,2.9963643948263647,0.14999999999999997,1.027105285284977,0.5318615288085935,0.5897964853258194,0.5962499999999997,0.8766709676579729
0.5311194686813175,1.3839651524209167,2.0340961204815664,1.0704016483099308,1.3851766269653316,0.27793324695747224,0.14999999999999997,0.5979714382965646
0.5471181702241106,0.4495731183240506,0.14999999999999997,8.14743554421928,0.5343366893124388,0.5167296864462526,0.8496562499999997,0.5979714382965646
0.5496641428730512,1.3481496489529972,0.14999999999999997,0.5510306584057449,0.3276234374999999,0.7190924715019895,1.5279164062499997,1.16257754914587
0.5545700488687122,0.25561007712688566,0.7874999999999998,0.3804887614989016,0.9845857498471068,0.6592438564222116,0.14999999999999997,0.9246364024308057
0.5448809392200706,0.30992398742092453,1.1699999999999997,0.3804887614989016,0.24084374999999994,0.6944807259022683,0.14999999999999997,1.6868546520773677
0.5346743341015945,0.25561007712688566,0.14999999999999997,0.8654511543384583,0.14999999999999997,0.6558354922854692,0.14999999999999997,1.336421657920979
0.5545700488687122,0.8143567193426235,2.599593749999999,1.1887594162314963,1.0117665234374997,0.27793324695747224,0.14999999999999997,0.8766709676579729
0.5566646729223838,0.25561007712688566,2.71941734230957,0.3804887614989016,0.42021578663909903,0.3479602814688286,0.14999999999999997,0.7457955836825646
4.2573286226966225,0.4728657183030413,4.095687864257813,0.3804887614989016,1.1443686613037107,0.7377291491855072,0.9134062499999998,0.5979714382965646
0.5470296749473771,0.7172783146262166,0.9054374999999998,0.8654511543384583,0.3802654297055053,0.5792890954540819,0.14999999999999997,0.5979714382965646
0.5495918362291381,0.9391611915531419,0.14999999999999997,1.0077514347251342,0.4986269106445311,0.6909046577817471,0.5962499999999997,0.6544320493814951
4.078584007082084,1.2148968045737216,1.3612499999999996,1.049385770569903,0.39649236328124987,0.5972109580838999,0.14999999999999997,0.629730532031838
0.5552870646721507,2.394441245592339,0.14999999999999997,0.3804887614989016,0.30459374999999994,0.7358866107059545,0.14999999999999997,0.5979714382965646
0.5379608774959105,0.25561007712688566,0.14999999999999997,0.4882581821299142,0.26793749999999994,0.7881012023130763,0.14999999999999997,1.4574086816744012
0.5504095954519774,0.3225787688165624,0.14999999999999997,0.3804887614989016,0.8329327784912107,0.9584433914053131,0.14999999999999997,0.8766709676579729
0.5460770652326026,0.633097049321862,0.14999999999999997,0.3804887614989016,0.6702986132812497,0.7859337149206409,0.5962499999999997,0.8766709676579729
0.5476810617223323,0.25561007712688566,0.14999999999999997,1.9967857894276317,1.0296424716796875,1.6142282008838758,0.14999999999999997,0.5979714382965646
0.5444759832296273,0.7270326612715782,0.14999999999999997,0.3804887614989016,0.5106578056640624,0.6940469378954177,0.14999999999999997,0.5979714382965646
0.5524440983499335,0.601735814074213,0.14999999999999997,0.3804887614989016,0.4896295507992553,0.41540106968957163,0.14999999999999997,1.8929619671867228
0.5499445047055682,7.1450103616853715,0.14999999999999997,0.7037970233919395,1.11995621714447,0.27793324695747224,0.14999999999999997,0.5979714382965646
0.5433381664638826,2.0645506256653996,0.14999999999999997,0.3804887614989016,0.14999999999999997,0.42975120515193627,0.14999999999999997,0.5979714382965646
5.23064225545698,1.0783948749414074,0.14999999999999997,1.027105285284977,0.6998248740234373,0.834148694305209,0.14999999999999997,0.5979714382965646
4.020806724990196,1.0314622419155457,0.14999999999999997,0.5421428924454206,0.8439586435546872,0.3173092895717258,0.14999999999999997,2.5704893002058897
0.538299721841398,0.7444352697732359,0.14999999999999997,0.7037970233919395,0.3412499999999999,0.9497664847223826,0.14999999999999997,0.8766709676579729
0.555302544394149,0.5664288389291016,0.14999999999999997,1.027105285284977,0.4118143022460936,0.49649354330627343,0.14999999999999997,0.5979714382965646
0.5389640096901291,1.8900335768395313,0.14999999999999997,0.3804887614989016,0.34320234374999997,0.46688436962147073,0.14999999999999997,0.5979714382965646
0.5311194686813175,0.36423789771496345,0.14999999999999997,0.8654511543384583,0.37029609374999994,0.27793324695747224,0.14999999999999997,1.6505585449513414
0.5542688057117574,0.36423789771496345,0.14999999999999997,0.46131582697216106,0.42253124999999986,0.5015936264797806,0.14999999999999997,0.5979714382965646
0.5468169270671558,0.25561007712688566,0.14999999999999997,0.9821083409297955,0.3024820312499999,0.3209777134285762,0.14999999999999997,0.5979714382965646
0.5542920007091551,0.25561007712688566,1.3038749999999995,0.3804887614989016,0.26793749999999994,0.3097499365000615,0.14999999999999997,0.5979714382965646
0.5411894307365762,0.751695889787422,0.14999999999999997,1.3020587539734707,0.6268216219116209,0.42236819716176377,0.14999999999999997,0.629730532031838
3.7874011405141217,0.25561007712688566,0.14999999999999997,0.4882581821299142,0.6773264886108397,0.4858036637913771,0.14999999999999997,1.8929619671867228
0.5452571539833825,0.4466016057123303,0.14999999999999997,0.3804887614989016,0.30459374999999994,0.5707817097426344,0.5962499999999997,0.5979714382965646
0.5435147800851577,0.9115631611734619,0.14999999999999997,0.5644233777303462,0.14999999999999997,0.6464588367147199,0.14999999999999997,0.5979714382965646
3.0905334926801493,0.7138348407375467,0.14999999999999997,0.3804887614989016,0.3316874999999999,0.27793324695747224,0.14999999999999997,1.360189687943127
0.5353398258312564,0.25561007712688566,0.14999999999999997,0.3804887614989016,0.3892329316406249,0.27793324695747224,0.14999999999999997,0.8766709676579729
0.5535288419795843,0.3714797524208353,0.14999999999999997,0.3804887614989016,0.2572524023437499,0.3128879468613037,0.14999999999999997,0.8766709676579729
0.537813069764516,0.25561007712688566,0.14999999999999997,0.43437347181440783,0.3711258398437499,0.5434417590063418,0.14999999999999997,0.5979714382965646
0.5575688641213948,0.7285430341387624,0.14999999999999997,2.0488876366733417,0.5704721147460935,0.46688436962147073,0.5324999999999998,0.5979714382965646
0.5389640096901291,0.25561007712688566,0.14999999999999997,1.3504135471780152,0.5071704316406249,0.27793324695747224,0.14999999999999997,0.5979714382965646
0.5438104914999653,0.36423789771496345,0.14999999999999997,0.3804887614989016,0.4340460937499999,0.8197177066689177,0.14999999999999997,1.4412770785072786
0.5549119794740186,0.25561007712688566,0.14999999999999997,0.3804887614989016,0.8984977148437496,1.0758301585804815,0.14999999999999997,1.8929619671867228
0.5578492259539118,0.25561007712688566,0.14999999999999997,0.3804887614989016,0.39738984374999986,0.7014923722455038,0.14999999999999997,0.5979714382965646
0.5560245927276836,0.5936605826642053,0.14999999999999997,0.3804887614989016,0.6348566015624997,0.9132714313929421,0.5962499999999997,0.629730532031838
0.5549119794740186,0.25561007712688566,0.14999999999999997,0.3804887614989016,0.5444332280273435,0.3555477830077064,0.14999999999999997,0.5979714382965646
0.5552870646721507,1.8842762343323218,0.14999999999999997,0.43437347181440783,0.2774999999999999,1.3679770847652137,0.14999999999999997,0.629730532031838
0.54770425671973,0.4728657183030413,0.14999999999999997,1.2476285637180227,0.6185156835937498,0.3616312809617468,0.14999999999999997,1.16257754914587
0.5471683921249519,0.25561007712688566,2.984163632812499,1.027105285284977,0.4524070898437499,0.3745336738599633,0.14999999999999997,1.0778866325184742
0.5443560563519325,0.3953208455171095,0.14999999999999997,0.5529198345085218,0.7002317141967771,0.27793324695747224,0.14999999999999997,0.5979714382965646
0.5552712158778091,0.25561007712688566,0.14999999999999997,0.3804887614989016,0.4922478169143904,0.2919015948260776,0.14999999999999997,1.5541983006771396
0.5435059997264295,0.4728657183030413,0.14999999999999997,0.7037970233919395,0.6628827408993528,0.27793324695747224,0.14999999999999997,1.1307437175401605
0.5435147800851577,0.4942428802956804,2.196255468749999,0.6303967863469885,0.30459374999999994,0.46688436962147073,0.14999999999999997,0.5979714382965646
5.325240059649866,0.25561007712688566,1.7267765624999996,7.386830184141298,0.2872557670898437,0.6558354922854692,0.5324999999999998,0.5979714382965646
0.548010465628665,0.25561007712688566,0.14999999999999997,0.3804887614989016,0.39332578124999984,0.5210613456107787,0.14999999999999997,0.5979714382965646
3.3431332989442297,0.25561007712688566,1.1699999999999997,1.0595775575536923,0.4630921874999998,0.530568879218327,0.14999999999999997,0.5979714382965646
0.5486983423461482,0.25561007712688566,0.14999999999999997,0.3804887614989016,0.3229547460937499,0.4353905159293586,0.14999999999999997,1.4310115128554728
0.550935785852522,0.25561007712688566,0.14999999999999997,0.5879684705601694,0.21374999999999994,0.5226181700694829,0.14999999999999997,1.2754987713157313
0.5520824977439437,0.25561007712688566,0.14999999999999997,0.3804887614989016,0.4340460937499999,0.6558354922854692,0.14999999999999997,0.6705636525486182
0.5404195142362501,0.5677487633235646,1.5859687499999995,0.3804887614989016,0.21374999999999994,0.4131677330300806,0.14999999999999997,0.6614896257671115
0.5499294531481649,2.1436747601172628,0.14999999999999997,0.3804887614989016,0.37162835482177725,0.27793324695747224,0.14999999999999997,1.8929619671867228
0.5346743341015945,0.25561007712688566,0.14999999999999997,0.3804887614989016,0.5418010110717772,0.4551254387216134,0.14999999999999997,0.6342675454225914
0.5313664660043704,0.25561007712688566,0.14999999999999997,0.6108812596175438,0.4775484960937499,0.27793324695747224,0.14999999999999997,1.3964857950691536
3.3510248760681574,0.659817033655718,0.14999999999999997,0.3804887614989016,0.21374999999999994,0.4360075630679438,0.14999999999999997,0.9492631819100266
0.5440108026728284,0.25561007712688566,0.8512499999999998,0.3804887614989016,0.3459844335937499,0.27793324695747224,0.5324999999999998,0.6544320493814951
4.281580473822738,4.227747422032578,0.14999999999999997,0.3804887614989016,0.37029609374999994,0.2950396051873198,0.14999999999999997,0.5979714382965646
0.540110091775147,0.3489982718535021,0.14999999999999997,0.9787504920804331,0.5068360991390989,0.8452030338672392,0.14999999999999997,0.5979714382965646
0.5452675264240469,1.0413168529326327,0.9787499999999996,0.8654511543384583,0.21374999999999994,0.7021533264143069,0.5324999999999998,0.5979714382965646
0.5553394995446227,2.343136639356438,0.14999999999999997,0.3804887614989016,0.43599843749999995,0.5551280245699624,0.14999999999999997,0.5979714382965646
0.5391910311092472,0.7929784622401996,0.14999999999999997,0.6796196267896673,0.4245657322631835,0.27793324695747224,0.14999999999999997,0.8766709676579729
3.794968157350479,0.25561007712688566,0.14999999999999997,1.027105285284977,0.4129010156249999,0.27793324695747224,0.14999999999999997,0.6826623549239603
3.810312739691775,0.36423789771496345,0.14999999999999997,0.3804887614989016,0.3065460937499999,0.27793324695747224,0.14999999999999997,0.5979714382965646
0.5447488415151128,0.25561007712688566,0.14999999999999997,0.3804887614989016,0.5992253569335936,0.27793324695747224,0.14999999999999997,0.7250078132376584
0.5461308477220159,0.25561007712688566,1.4680312499999995,0.3804887614989016,0.4022836523437499,0.6558354922854692,0.14999999999999997,0.978300067610848
0.5411007986603896,0.25561007712688566,0.9787499999999996,0.6108812596175438,0.14999999999999997,0.48473271129545464,0.14999999999999997,1.3848164674223478
0.5566948798135594,0.25561007712688566,0.7237499999999998,0.8743389202987827,0.25235859374999997,0.27793324695747224,0.14999999999999997,0.5979714382965646
0.5563071748032506,0.36423789771496345,0.14999999999999997,0.5421428924454206,0.14999999999999997,0.7881012023130763,0.14999999999999997,0.5979714382965646
0.5445116585090622,0.6574222272649465,0.14999999999999997,0.3804887614989016,0.6896143509155271,0.9730126111308139,0.14999999999999997,0.5979714382965646
0.5456051668886034,0.5343845546236764,0.14999999999999997,0.3804887614989016,0.14999999999999997,0.27793324695747224,1.0217812499999996,0.7673532715513562
0.5389652135710599,0.25561007712688566,0.14999999999999997,0.3804887614989016,0.44556093749999987,0.40301321786714417,0.14999999999999997,0.5979714382965646
0.54734639782633,0.30992398742092453,0.14999999999999997,0.3804887614989016,0.5877423632812497,0.9399777356627759,0.14999999999999997,1.8929619671867228
0.5383085126038224,0.25561007712688566,0.14999999999999997,0.7576817337074456,0.46894326708984363,0.5675035987683761,0.14999999999999997,0.5979714382965646
0.5436963308849488,2.43843897509724,0.14999999999999997,0.3804887614989016,0.6157335937499999,0.27793324695747224,0.5324999999999998,0.5979714382965646
0.5456199251607113,0.25561007712688566,0.14999999999999997,0.3804887614989016,0.41184615234374994,0.33585976170057963,0.14999999999999997,1.3848164674223478
0.540110091775147,0.25561007712688566,0.14999999999999997,0.3804887614989016,0.3412499999999999,0.32243653239794634,0.14999999999999997,0.5979714382965646
0.5576984116047754,0.25561007712688566,0.14999999999999997,0.8115664440229519,0.4183078124999998,0.46688436962147073,0.14999999999999997,0.5979714382965646
0.5450078233765355,0.25561007712688566,0.14999999999999997,0.3804887614989016,0.30459374999999994,0.41875092348319276,0.14999999999999997,0.5979714382965646
0.5561633723478923,0.25561007712688566,0.14999999999999997,0.3804887614989016,0.3443847319335937,0.6079547389003608,0.14999999999999997,1.8683351877075018
0.5378683465700194,0.690121359479197,0.9787499999999996,0.45527147782159305,0.3587812499999999,0.41701935227897874,0.14999999999999997,1.1307437175401605
0.5434479263435568,0.2990612053621167,0.14999999999999997,0.3804887614989016,0.4320937499999999,0.27793324695747224,0.7588124999999997,0.8766709676579729
0.5378014928284185,0.6713087578422817,0.14999999999999997,0.3804887614989016,0.14999999999999997,0.42236819716176377,0.14999999999999997,0.5979714382965646
0.5333678601071501,0.7751974310589088,0.14999999999999997,0.3804887614989016,0.2572524023437499,0.509369461744214,0.14999999999999997,0.5979714382965646
0.5521967305732942,7.892880723540312,0.14999999999999997,0.3804887614989016,0.3683437499999999,0.29762126826459906,0.4687499999999999,0.5979714382965646
0.540103079881369,0.25561007712688566,0.9149999999999997,0.3804887614989016,0.14999999999999997,1.0999377553898138,0.14999999999999997,0.6996005382494396
0.541296052319117,0.25561007712688566,0.14999999999999997,0.3804887614989016,0.3316874999999999,1.1778405411392996,0.14999999999999997,0.629730532031838
0.5449044436722426,0.25561007712688566,0.14999999999999997,0.3804887614989016,0.44882319433593737,0.46688436962147073,0.14999999999999997,0.5979714382965646
0.5529550209112379,1.1093930159700471,0.14999999999999997,0.3804887614989016,0.14999999999999997,0.7172782074918386,0.14999999999999997,0.5979714382965646
0.5450078233765355,1.1833154390335514,0.14999999999999997,2.2719835396525845,0.356465786639099,0.6558354922854692,0.14999999999999997,0.6996005382494396
0.5448136236941838,0.25561007712688566,0.14999999999999997,0.3804887614989016,0.3139968749999999,0.27793324695747224,0.5324999999999998,0.5979714382965646
0.5495498134128358,1.2581300590372835,0.14999999999999997,0.3804887614989016,0.24084374999999994,0.7597328324066329,0.14999999999999997,0.5979714382965646
0.5527181943987061,3.8576274423328387,0.14999999999999997,0.5340837602446631,0.21374999999999994,0.27793324695747224,0.14999999999999997,0.5979714382965646
0.5540617364004425,0.4137370237119962,0.9149999999999997,0.3804887614989016,0.37029609374999994,0.5597857288669309,0.14999999999999997,0.8766709676579729
0.5333678601071501,1.456383699479635,0.14999999999999997,0.3804887614989016,0.14999999999999997,0.36180157252745526,0.14999999999999997,0.5979714382965646
0.5393028540356165,0.4466016057123303,0.14999999999999997,0.7037970233919395,0.2806347319335937,0.46688436962147073,0.14999999999999997,0.5979714382965646
0.5298542952937159,1.3839651524209167,0.14999999999999997,0.3804887614989016,0.29586099609374994,0.6558354922854692,0.14999999999999997,0.5979714382965646
0.5426443877649793,0.25561007712688566,0.14999999999999997,0.7037970233919395,0.14999999999999997,0.8284834115417328,0.14999999999999997,0.5979714382965646
0.553619218164907,0.3873213002624873,0.14999999999999997,0.46131582697216106,0.3358018509155272,0.27793324695747224,0.14999999999999997,1.8929619671867228
0.5296225119229329,0.25561007712688566,0.7874999999999998,0.7037970233919395,0.4862812499999999,0.29762126826459906,0.14999999999999997,0.5979714382965646
0.5501471569249039,1.166709511244761,0.14999999999999997,0.3804887614989016,0.21374999999999994,0.7503379945596779,0.14999999999999997,0.6996005382494396
0.556838682268918,0.25561007712688566,0.14999999999999997,0.3804887614989016,0.14999999999999997,0.6273025341089418,0.5324999999999998,1.3848164674223478
0.5389652135710599,0.35049312214740885,0.14999999999999997,0.3804887614989016,0.14999999999999997,0.32359012691750677,0.14999999999999997,0.5979714382965646
0.5553968245518247,0.36423789771496345,0.14999999999999997,0.3804887614989016,0.3954374999999999,1.3831689753529528,0.14999999999999997,0.5979714382965646
0.5442690202303484,0.25561007712688566,0.14999999999999997,0.3804887614989016,0.3024820312499999,0.46688436962147073,0.14999999999999997,0.5979714382965646
0.5350542336095024,0.25561007712688566,0.14999999999999997,0.3804887614989016,0.44360859374999984,0.3369973108788526,0.14999999999999997,0.5979714382965646
0.5491187317020376,0.25561007712688566,0.14999999999999997,0.7037970233919395,0.24084374999999994,0.6016962421339103,0.14999999999999997,1.3848164674223478
0.5544531346084318,0.861990864489465,0.14999999999999997,3.8433373184265656,0.30459374999999994,0.7675994864105479,0.14999999999999997,0.5979714382965646
0.5414382013612382,0.4959491208505651,0.14999999999999997,0.3804887614989016,0.21374999999999994,0.27793324695747224,0.14999999999999997,0.5979714382965646
0.5334514197573442,0.25561007712688566,0.14999999999999997,0.3804887614989016,0.4371808256835936,0.5259986592377381,0.14999999999999997,0.5979714382965646
0.5485509667418752,0.25561007712688566,0.14999999999999997,0.3804887614989016,0.5393143022460936,0.8920917479709907,0.14999999999999997,0.5979714382965646
0.5433381664638826,0.25561007712688566,0.14999999999999997,0.7037970233919395,0.21374999999999994,0.40301321786714417,0.14999999999999997,0.8766709676579729
0.5411007986603896,0.6430123752117543,0.14999999999999997,0.3804887614989016,0.3073758398437499,0.27793324695747224,0.14999999999999997,0.7250078132376584
0.5563071748032506,0.25561007712688566,0.14999999999999997,1.2481740436579645,0.5737313085937498,0.27793324695747224,0.14999999999999997,0.6544320493814951
3.3554928742447174,0.4728657183030413,0.14999999999999997,0.3804887614989016,0.25235859374999997,0.27793324695747224,0.14999999999999997,0.5979714382965646
0.5461538746170758,0.25561007712688566,0.14999999999999997,4.129440554947156,0.3615633398437499,0.47488332428311875,0.14999999999999997,0.6705636525486182
0.5389058561158905,0.25561007712688566,0.14999999999999997,0.3804887614989016,0.3587812499999999,0.4258798112666278,0.14999999999999997,0.852044188178752
0.5494404180113918,0.30992398742092453,0.14999999999999997,0.42667565605504987,0.2638734375,0.2853162549476448,0.14999999999999997,0.6826623549239603
0.539169895779418,0.36423789771496345,0.14999999999999997,0.3804887614989016,0.4322870170898436,0.46688436962147073,0.14999999999999997,0.7673532715513562
0.5526039615693557,0.25561007712688566,0.14999999999999997,0.3804887614989016,0.14999999999999997,1.4727146438291236,0.14999999999999997,0.5979714382965646
0.5573846560691182,0.25561007712688566,0.14999999999999997,0.3804887614989016,0.2638734375,0.46688436962147073,0.14999999999999997,0.5979714382965646
0.5560815752098662,1.166709511244761,0.14999999999999997,0.7381051365938864,0.3393633984374999,0.27793324695747224,0.4687499999999999,0.7250078132376584
0.5404699544118922,0.8225823771170532,0.14999999999999997,0.3804887614989016,0.14999999999999997,0.46688436962147073,0.14999999999999997,0.5979714382965646
0.5577054234985535,0.25561007712688566,0.14999999999999997,0.3804887614989016,0.5142047460937498,0.5845953437403892,0.14999999999999997,0.6544320493814951
0.5508107581336079,0.8746329256308529,0.14999999999999997,0.3804887614989016,0.21374999999999994,0.7031406253069922,0.14999999999999997,0.5979714382965646
0.5404195142362501,0.25561007712688566,0.7874999999999998,0.3804887614989016,0.3316874999999999,0.699414766818156,0.14999999999999997,0.5979714382965646
0.5542559360827942,0.9327436438956476,0.14999999999999997,0.3804887614989016,0.2774999999999999,0.5168689901575343,0.14999999999999997,0.5979714382965646
0.5348800308178047,0.25561007712688566,0.14999999999999997,0.3804887614989016,0.38587499999999986,1.7295399256734416,0.14999999999999997,0.7673532715513562
0.5468901551242249,0.4728657183030413,0.14999999999999997,0.3804887614989016,0.21374999999999994,0.5527688531171496,0.5962499999999997,0.5979714382965646
0.5537604932434878,0.25561007712688566,0.14999999999999997,0.45527147782159305,0.28434615234374994,0.6397399136780932,0.14999999999999997,0.6544320493814951
0.5461538746170758,0.9073770006553528,0.14999999999999997,1.1781710689409435,0.27945234374999994,0.27793324695747224,0.14999999999999997,0.5979714382965646
0.5377975900425179,0.25561007712688566,0.14999999999999997,1.1830982970103523,0.4611398437499999,0.45703498260913483,0.14999999999999997,1.360189687943127
0.5539216271427647,0.36423789771496345,0.14999999999999997,0.3804887614989016,0.14999999999999997,0.46688436962147073,0.14999999999999997,0.5979714382965646
0.5473169053119201,0.25561007712688566,0.14999999999999997,0.7037970233919395,0.21374999999999994,0.535194630095687,0.14999999999999997,0.5979714382965646
0.5440963608105654,0.25561007712688566,0.14999999999999997,0.8412737577361862,0.21374999999999994,0.46688436962147073,0.14999999999999997,0.5979714382965646
0.54770425671973,0.25561007712688566,0.14999999999999997,0.3804887614989016,0.3161085937499999,1.063033608231718,0.4687499999999999,0.5979714382965646
4.747258740347411,0.25561007712688566,0.14999999999999997,0.7499839179480877,0.21374999999999994,0.6172729985867593,0.14999999999999997,1.5683134534483723
0.5287173771277994,0.25561007712688566,0.14999999999999997,0.3804887614989016,0.3954374999999999,0.6074072091344711,0.14999999999999997,0.5979714382965646
0.5452675264240469,0.4728657183030413,0.14999999999999997,0.43437347181440783,0.3432023437499999,0.38930186889031093,0.14999999999999997,0.6342675454225914
0.5433599826493144,2.1715905386866585,0.8225624999999998,0.4882581821299142,0.4455609374999999,0.46688436962147073,0.14999999999999997,0.5979714382965646
5.59193427533134,0.35049312214740885,0.14999999999999997,0.3804887614989016,0.28434615234374994,0.8932091050479466,0.14999999999999997,0.5979714382965646
0.544468248722687,0.5814935388911191,0.14999999999999997,0.7037970233919395,0.14999999999999997,0.737332327683874,0.14999999999999997,1.6142624378253143
4.55573516054905,1.166709511244761,0.14999999999999997,0.8997592675404052,0.14999999999999997,0.29762126826459906,0.14999999999999997,0.7673532715513562
4.826829002724413,0.6618399747794624,0.14999999999999997,0.3804887614989016,0.14999999999999997,0.7640088618041483,0.14999999999999997,0.8766709676579729
3.7695341213233946,0.25561007712688566,0.14999999999999997,0.7037970233919395,0.3161085937499999,0.27793324695747224,0.14999999999999997,0.6544320493814951
3.396942690135708,0.4728657183030413,0.14999999999999997,0.5421428924454206,0.3316874999999999,0.3369973108788526,0.14999999999999997,0.852044188178752
0.5495296276901909,0.25561007712688566,0.14999999999999997,0.46131582697216106,0.14999999999999997,0.48473271129545464,0.14999999999999997,0.6342675454225914
3.6092563811117073,0.25561007712688566,0.14999999999999997,1.3464975837750925,0.2774999999999999,0.46688436962147073,0.5324999999999998,1.2331533130020331
0.53661327881363,0.41037702495543976,0.14999999999999997,0.3804887614989016,0.30459374999999994,0.46688436962147073,0.14999999999999997,0.6544320493814951
0.5572003205850802,0.25561007712688566,0.14999999999999997,0.3804887614989016,0.24084374999999994,0.27793324695747224,0.14999999999999997,0.5979714382965646
0.5601411705050422,0.25561007712688566,1.3692187499999995,2.2105417676198607,0.21374999999999994,0.27793324695747224,0.14999999999999997,0.5979714382965646
3.126484899114318,0.3174209760014556,0.14999999999999997,0.3804887614989016,0.21374999999999994,1.0098679149920529,0.14999999999999997,0.5979714382965646
0.5552652492508425,0.36423789771496345,0.14999999999999997,0.3804887614989016,0.14999999999999997,1.0885364296738806,0.14999999999999997,0.852044188178752
0.5463228293352619,0.25561007712688566,0.6599999999999998,0.3804887614989016,0.3412499999999999,0.46688436962147073,0.14999999999999997,0.8766709676579729
0.5609960181462667,0.25561007712688566,0.14999999999999997,0.8654511543384583,0.30459374999999994,0.5456364548499778,0.14999999999999997,0.5979714382965646
0.5418356281677627,0.5000226734500608,0.14999999999999997,0.3804887614989016,0.21374999999999994,0.43655477449144253,0.14999999999999997,0.5979714382965646
3.1063715568920705,0.25561007712688566,0.14999999999999997,0.3804887614989016,0.14999999999999997,0.8699620265495471,0.14999999999999997,0.9129670747839997
0.5453708252938924,0.6410726611578212,0.9149999999999997,0.3804887614989016,0.14999999999999997,0.4211834821812525,0.14999999999999997,0.6342675454225914
0.5482436639968057,0.25561007712688566,0.14999999999999997,0.3804887614989016,0.21374999999999994,0.5141895026429936,0.14999999999999997,0.5979714382965646
0.545526427451022,0.36423789771496345,0.14999999999999997,0.3804887614989016,0.14999999999999997,0.47455291812481765,0.14999999999999997,0.6342675454225914
0.544715018009937,0.3280286241856042,0.14999999999999997,0.7037970233919395,0.21374999999999994,1.1758045390760705,0.14999999999999997,0.6996005382494396
0.546212212591994,0.25561007712688566,1.0424999999999995,0.3804887614989016,0.14999999999999997,0.46688436962147073,0.14999999999999997,0.8766709676579729
0.5609960181462667,0.5711543650456378,0.14999999999999997,0.3804887614989016,0.26793749999999994,0.8920917479709907,0.14999999999999997,0.5979714382965646
0.5457783414757171,0.37975615779897454,0.14999999999999997,0.3804887614989016,0.2774999999999999,0.27793324695747224,0.14999999999999997,0.5979714382965646
0.5398624881787516,0.25561007712688566,0.14999999999999997,0.3804887614989016,0.21374999999999994,0.46688436962147073,0.14999999999999997,0.5979714382965646
0.5610343162868715,0.44033350255924375,0.14999999999999997,0.3804887614989016,0.3954374999999999,0.27793324695747224,8.891781466680175,0.5979714382965646
0.5427538540352592,0.4039255949950846,0.14999999999999997,0.3804887614989016,0.21374999999999994,0.5850124974642315,0.14999999999999997,0.5979714382965646
0.5412112469220081,0.9166833822702344,0.14999999999999997,0.7037970233919395,0.21374999999999994,0.487889497074164,6.838136098564629,0.8766709676579729
0.5475947913763495,0.44238646658011843,0.14999999999999997,0.3804887614989016,0.41184615234374994,0.6834057025147375,9.494498692817967,0.6441664837296897
0.5596116680532908,0.30992398742092453,0.14999999999999997,0.3804887614989016,0.30459374999999994,0.545620863368213,4.937292127334098,0.6614896257671115
4.042569245645011,0.25561007712688566,0.14999999999999997,0.3804887614989016,0.30459374999999994,0.6558354922854692,7.114814975441331,0.5979714382965646
0.5549484541599932,0.3489982718535021,0.14999999999999997,0.3804887614989016,0.5257195898437498,0.3116841406268325,2.694401794756542,0.6705636525486182
0.5560613158760124,0.5487944066768686,0.14999999999999997,0.3804887614989016,0.14999999999999997,1.6991294088286628,0.14999999999999997,0.5979714382965646
2.90188587192602,0.6766850758967594,0.14999999999999997,0.6796196267896673,0.21374999999999994,0.27793324695747224,0.14999999999999997,0.5979714382965646
0.5452138733870528,0.25561007712688566,0.14999999999999997,0.3804887614989016,0.25235859374999997,0.4714421435177311,1.2649476562499997,0.5979714382965646
0.5598215701429485,0.6766850758967594,0.14999999999999997,0.3804887614989016,0.14999999999999997,0.9403776960917549,0.7046249999999998,0.5979714382965646
0.552544971099463,0.25561007712688566,0.14999999999999997,1.25737564263539,0.26793749999999994,0.4742673776116433,0.6137812499999998,0.8766709676579729
0.5439708945778319,0.25561007712688566,0.14999999999999997,0.3804887614989016,0.21374999999999994,0.5694152890615134,0.40499999999999986,0.5979714382965646
0.5402585166957776,0.25561007712688566,0.14999999999999997,0.3804887614989016,0.14999999999999997,0.27793324695747224,0.14999999999999997,0.7673532715513562
0.5445116585090622,0.5097653138770338,0.14999999999999997,1.027105285284977,0.3683437499999999,0.6862803812680613,0.14999999999999997,0.5979714382965646
0.545105079812168,0.25561007712688566,0.14999999999999997,0.3804887614989016,0.21374999999999994,0.27793324695747224,0.40499999999999986,0.5979714382965646
0.5431762439614236,0.2753605899610816,0.14999999999999997,0.3804887614989016,0.21374999999999994,0.46688436962147073,0.3412499999999999,0.7250078132376584
0.5552652492508425,0.36423789771496345,0.14999999999999997,0.3804887614989016,0.27945234374999994,0.46688436962147073,0.14999999999999997,0.6705636525486182
0.533446466677439,0.25561007712688566,0.14999999999999997,6.211379795495747,0.14999999999999997,0.46688436962147073,0.14999999999999997,0.6614896257671115
0.5524440983499335,0.25561007712688566,0.14999999999999997,0.3804887614989016,0.2774999999999999,0.27793324695747224,0.14999999999999997,0.5979714382965646
0.5576456735058679,0.25561007712688566,0.14999999999999997,0.4882581821299142,0.21374999999999994,0.27793324695747224,0.14999999999999997,0.8766709676579729
0.5359084560406708,0.3489982718535021,0.14999999999999997,0.3804887614989016,0.24084374999999994,1.247724488700994,0.4687499999999999,0.5979714382965646
2.8984303380615164,0.25561007712688566,0.14999999999999997,0.46131582697216106,0.14999999999999997,0.27793324695747224,0.14999999999999997,0.5979714382965646
0.5465295596452405,0.4728657183030413,0.14999999999999997,0.3804887614989016,0.30459374999999994,0.8352712514375938,0.14999999999999997,0.7673532715513562
0.5611757889386344,0.25561007712688566,0.14999999999999997,0.3804887614989016,0.2774999999999999,0.46688436962147073,0.14999999999999997,0.852044188178752
0.553549534944886,0.25561007712688566,0.14999999999999997,0.5421428924454206,0.3412499999999999,0.46688436962147073,0.14999999999999997,0.852044188178752
0.5381441196842683,0.2990612053621167,0.14999999999999997,0.3804887614989016,0.21374999999999994,0.27793324695747224,0.40499999999999986,0.5979714382965646
0.5459334428745065,1.166709511244761,0.14999999999999997,0.3804887614989016,0.14999999999999997,0.27793324695747224,0.14999999999999997,0.5979714382965646
0.5447346560240234,0.4728657183030413,0.14999999999999997,0.3804887614989016,0.3587812499999999,0.46688436962147073,0.14999999999999997,0.5979714382965646
0.5496307491699112,0.25561007712688566,0.14999999999999997,0.3804887614989016,0.24084374999999994,0.27793324695747224,0.14999999999999997,0.852044188178752
0.5492158721545337,0.25561007712688566,1.0233749999999997,0.8473181068867542,0.37029609374999994,0.5967976210071644,0.14999999999999997,0.852044188178752
0.5417902715217374,0.25561007712688566,0.14999999999999997,0.8654511543384583,0.2774999999999999,0.41875092348319276,4.618077752368334,0.5979714382965646
0.5592034447495977,0.25561007712688566,0.14999999999999997,0.3804887614989016,0.2774999999999999,0.46812547172818686,0.14999999999999997,0.5979714382965646
0.5586739422978463,0.25561007712688566,0.14999999999999997,0.7037970233919395,0.3316874999999999,0.661977309624419,0.14999999999999997,0.5979714382965646
0.5465769014882995,0.5008378610646721,0.14999999999999997,0.43437347181440783,0.14999999999999997,0.5411726651871124,0.14999999999999997,0.8766709676579729
0.5520983329746002,0.25561007712688566,0.14999999999999997,0.7037970233919395,0.3161085937499999,0.27793324695747224,0.14999999999999997,0.8766709676579729
0.5345649356508848,0.25561007712688566,0.14999999999999997,0.3804887614989016,0.21374999999999994,0.48657239092859755,0.4687499999999999,0.5979714382965646
0.5426900240116631,0.25561007712688566,0.14999999999999997,0.3804887614989016,0.4069523437499999,0.27793324695747224,0.14999999999999997,1.1523119834940645
0.5439708945778319,0.25561007712688566,0.4687499999999999,1.1452281690693813,0.14999999999999997,0.35751858491345717,0.14999999999999997,1.16257754914587
3.5311090171200306,0.4728657183030413,0.14999999999999997,0.3804887614989016,0.14999999999999997,0.41502707355117285,0.14999999999999997,0.5979714382965646
0.5525347660029262,0.4169683288469364,0.14999999999999997,6.211379795495747,0.2774999999999999,0.2989383744101655,0.14999999999999997,0.5979714382965646
0.5490371866916357,0.25561007712688566,0.14999999999999997,0.3804887614989016,0.30459374999999994,0.4080314695926438,0.14999999999999997,0.5979714382965646
0.5394457969666326,0.33339193517035576,0.14999999999999997,0.3804887614989016,0.21374999999999994,0.27793324695747224,0.14999999999999997,0.5979714382965646
0.5450435067999149,0.25561007712688566,0.7874999999999998,0.3804887614989016,0.24084374999999994,0.27793324695747224,0.14999999999999997,0.5979714382965646
0.5460240994922235,0.25561007712688566,0.14999999999999997,0.3804887614989016,0.49779609374999984,0.27793324695747224,0.14999999999999997,0.6342675454225914
0.5390142936222884,0.25561007712688566,0.14999999999999997,0.7483579939617906,0.14999999999999997,0.27793324695747224,0.14999999999999997,0.5979714382965646
0.5563711023935739,0.25561007712688566,0.8512499999999998,0.3804887614989016,0.14999999999999997,0.46688436962147073,0.14999999999999997,0.5979714382965646
0.5414382013612382,0.3280286241856042,0.14999999999999997,0.9112767324532072,0.3412499999999999,0.27793324695747224,0.14999999999999997,0.8766709676579729
0.5499445047055682,0.25561007712688566,0.14999999999999997,0.3804887614989016,0.14999999999999997,0.27793324695747224,0.14999999999999997,1.331959382400662
0.5513666594588059,0.25561007712688566,0.14999999999999997,0.3804887614989016,0.14999999999999997,0.3251844980945765,0.14999999999999997,0.852044188178752
0.5461538746170758,0.5623414262922765,0.14999999999999997,0.45527147782159305,0.2774999999999999,0.46688436962147073,0.14999999999999997,0.5979714382965646
0.552571489151255,0.25561007712688566,0.14999999999999997,0.7037970233919395,0.14999999999999997,0.6558354922854692,0.14999999999999997,0.8766709676579729
0.557959429041525,0.25561007712688566,0.14999999999999997,0.5421428924454206,0.2774999999999999,0.27793324695747224,0.14999999999999997,0.7673532715513562
0.5508838464858766,0.25561007712688566,0.8512499999999998,0.3804887614989016,0.2774999999999999,0.3251844980945765,0.14999999999999997,0.5979714382965646
0.5458337683337041,0.25561007712688566,0.14999999999999997,0.3804887614989016,0.24084374999999994,0.46688436962147073,0.14999999999999997,0.5979714382965646
0.535746457835331,0.25561007712688566,0.14999999999999997,0.44515041387750914,0.14999999999999997,0.7724469218561715,2.8675127771192543,0.5979714382965646
0.5438206779217617,0.6650267265515086,0.14999999999999997,0.3804887614989016,0.21374999999999994,0.7857487436711628,0.14999999999999997,0.8766709676579729
0.5576703349127448,0.25561007712688566,0.14999999999999997,0.43437347181440783,0.3316874999999999,0.3251844980945765,3.6237382116622925,0.5979714382965646
0.541345032893706,0.38033000041162074,0.14999999999999997,0.3804887614989016,0.24084374999999994,0.46688436962147073,1.8704094992065428,0.852044188178752
0.5566113302118275,0.25561007712688566,0.14999999999999997,1.0510384003507904,0.26793749999999994,0.46688436962147073,0.8154286010742186,0.6705636525486182
0.5423320955133157,0.6973287544037194,0.14999999999999997,0.3804887614989016,0.2572524023437499,0.46688436962147073,0.6679687499999999,0.9367351048061479
0.5470878240496041,0.25561007712688566,0.14999999999999997,0.46131582697216106,0.24084374999999994,0.46688436962147073,0.14999999999999997,0.5979714382965646
0.5559011649296037,0.25561007712688566,0.14999999999999997,0.3804887614989016,0.14999999999999997,0.42236819716176377,0.4687499999999999,0.5979714382965646
0.5554302734959746,1.6115188536197658,0.14999999999999997,0.3804887614989016,0.14999999999999997,0.6384402573933387,0.8157143554687497,0.5979714382965646
0.5345649356508848,0.35230607912235407,0.14999999999999997,0.3804887614989016,0.14999999999999997,0.27793324695747224,0.14999999999999997,0.852044188178752
0.5611757889386344,0.25561007712688566,0.14999999999999997,0.887731639623384,0.14999999999999997,0.46688436962147073,0.14999999999999997,0.8766709676579729
0.5583135086750062,0.25561007712688566,0.14999999999999997,0.817096361133914,0.21374999999999994,0.4101989569850794,0.14999999999999997,0.7673532715513562
0.5281489141495724,0.25561007712688566,0.14999999999999997,0.5421428924454206,0.30459374999999994,1.229805365720459,0.6408749999999999,0.6544320493814951
0.5402585166957776,0.25561007712688566,0.14999999999999997,0.6410101091790773,0.3432023437499999,1.3071326346893402,0.14999999999999997,0.5979714382965646
0.5417362577566034,0.25561007712688566,0.14999999999999997,0.3804887614989016,0.14999999999999997,0.5534509225500784,0.40499999999999986,0.5979714382965646
0.5443358739719494,0.25561007712688566,0.14999999999999997,0.5421428924454206,0.14999999999999997,0.27793324695747224,0.14999999999999997,0.9084300613932463
0.544548381657391,0.25561007712688566,0.14999999999999997,0.3804887614989016,0.21374999999999994,0.821268753149753,0.8163867187499997,0.5979714382965646
0.5402194563321133,0.5814935388911191,0.14999999999999997,0.3804887614989016,0.3683437499999999,0.3971787318771889,0.14999999999999997,0.852044188178752
0.5476589692038232,0.25561007712688566,0.14999999999999997,0.3804887614989016,0.14999999999999997,0.4101989569850794,0.14999999999999997,0.5979714382965646
0.5412014531965028,0.25561007712688566,0.14999999999999997,0.3804887614989016,0.21374999999999994,0.46688436962147073,0.14999999999999997,0.852044188178752
0.5547642485510638,0.25561007712688566,0.14999999999999997,0.9925528905465715,0.6313124999999997,0.46688436962147073,0.14999999999999997,0.7673532715513562
0.5360936067518275,1.0160048212434305,0.14999999999999997,0.3804887614989016,0.21374999999999994,0.40225463685919716,0.14999999999999997,1.16257754914587
0.5412343415217171,0.38033000041162074,0.14999999999999997,0.7037970233919395,0.14999999999999997,0.46688436962147073,0.14999999999999997,0.8766709676579729
0.5267426005326915,0.25561007712688566,0.14999999999999997,0.7496226015066884,0.21374999999999994,0.27793324695747224,0.14999999999999997,1.4165755611576212
0.5324387791111859,0.25561007712688566,0.14999999999999997,0.3804887614989016,0.21374999999999994,0.46688436962147073,0.14999999999999997,0.5979714382965646
0.5412343415217171,0.25561007712688566,0.14999999999999997,0.3804887614989016,0.3412499999999999,0.46688436962147073,0.14999999999999997,0.5979714382965646
0.5536026116659386,0.25561007712688566,0.14999999999999997,0.44515041387750914,0.14999999999999997,0.27793324695747224,0.14999999999999997,0.5979714382965646
0.5581697062196476,0.25561007712688566,0.14999999999999997,0.5421428924454206,0.21374999999999994,0.27793324695747224,0.14999999999999997,0.5979714382965646
0.539219383381397,0.36423789771496345,0.14999999999999997,0.3804887614989016,0.14999999999999997,0.2989383744101655,0.14999999999999997,0.5979714382965646
0.5508812924320274,0.36423789771496345,0.14999999999999997,0.3804887614989016,0.24084374999999994,0.27793324695747224,0.40499999999999986,0.8766709676579729
0.5503153152943017,0.25561007712688566,0.14999999999999997,0.7037970233919395,0.14999999999999997,0.27793324695747224,0.14999999999999997,0.6544320493814951
0.5570929110808786,0.25561007712688566,0.14999999999999997,0.3804887614989016,0.21374999999999994,0.4551254387216134,0.6679687499999999,0.5979714382965646
0.5473505182149762,0.31926765678465274,0.14999999999999997,0.5421428924454206,0.14999999999999997,0.5141895026429936,0.14999999999999997,0.5979714382965646
2.642037015623923,0.25561007712688566,0.14999999999999997,0.5421428924454206,0.14999999999999997,0.3369973108788526,0.14999999999999997,0.5979714382965646
0.5476145674142648,0.36423789771496345,0.14999999999999997,0.3804887614989016,0.14999999999999997,0.46688436962147073,0.14999999999999997,0.5979714382965646
0.5599973680496836,0.25561007712688566,0.14999999999999997,0.44515041387750914,0.14999999999999997,0.27793324695747224,0.14999999999999997,0.7560611493343701
0.5267426005326915,0.4533826710136898,0.14999999999999997,0.7037970233919395,0.30459374999999994,0.27793324695747224,0.4687499999999999,0.5979714382965646
0.5358140011122702,0.25561007712688566,0.40499999999999986,0.7037970233919395,0.21374999999999994,0.3842485620159569,0.14999999999999997,1.0214260214335436
0.5574414049334738,0.25561007712688566,0.14999999999999997,0.3804887614989016,0.24084374999999994,0.27793324695747224,0.14999999999999997,0.7250078132376584
0.5496513091215042,0.25561007712688566,0.14999999999999997,0.3804887614989016,0.2774999999999999,0.4259732531753454,0.14999999999999997,0.852044188178752
0.5373114919001154,0.25561007712688566,0.14999999999999997,0.42667565605504987,0.14999999999999997,0.49632517357142,0.14999999999999997,0.5979714382965646
0.5494480337737797,0.25561007712688566,0.14999999999999997,0.5421428924454206,0.30459374999999994,0.27793324695747224,0.14999999999999997,0.5979714382965646
0.5468703402762051,0.25561007712688566,0.14999999999999997,0.3804887614989016,0.14999999999999997,0.3251844980945765,0.14999999999999997,0.5979714382965646
0.5373114919001154,0.25561007712688566,0.14999999999999997,0.3804887614989016,0.14999999999999997,0.6113193198257622,0.14999999999999997,0.629730532031838
0.5564633591398427,0.25561007712688566,0.14999999999999997,0.3804887614989016,0.14999999999999997,0.27793324695747224,0.14999999999999997,0.5979714382965646
0.5403121697327715,0.25561007712688566,0.14999999999999997,0.3804887614989016,0.14999999999999997,0.27793324695747224,0.14999999999999997,0.978300067610848
0.5488364818360373,0.25561007712688566,0.14999999999999997,1.0177408319499126,0.21374999999999994,0.530568879218327,0.14999999999999997,0.5979714382965646
0.5554636782934257,0.25561007712688566,0.14999999999999997,0.3804887614989016,0.24084374999999994,0.27793324695747224,0.14999999999999997,0.5979714382965646
0.544700905510134,0.25561007712688566,0.14999999999999997,0.3804887614989016,0.14999999999999997,0.27793324695747224,0.14999999999999997,0.7673532715513562
0.548010465628665,0.25561007712688566,0.14999999999999997,0.8115664440229519,0.25235859374999997,0.4101989569850794,0.14999999999999997,0.8766709676579729
0.5382026555100489,0.4728657183030413,0.14999999999999997,0.5421428924454206,0.21374999999999994,0.46688436962147073,0.14999999999999997,0.5979714382965646
2.6589064477631195,0.25561007712688566,0.14999999999999997,0.3804887614989016,0.2774999999999999,0.4858036637913771,0.14999999999999997,1.360189687943127
0.5464343902825192,0.36423789771496345,0.14999999999999997,0.3804887614989016,0.21374999999999994,0.27793324695747224,4.931966488840022,0.5979714382965646
0.5425425202939314,1.166709511244761,0.14999999999999997,0.3804887614989016,0.14999999999999997,0.5158425262971823,4.831157634379587,0.5979714382965646
0.561260820497012,0.25561007712688566,0.14999999999999997,0.3804887614989016,0.21374999999999994,0.27793324695747224,4.988403221714584,0.7250078132376584
0.5560279221728723,0.25561007712688566,0.14999999999999997,0.3804887614989016,0.21374999999999994,0.725830173989952,4.893585329766795,0.5979714382965646
0.5515322682465998,0.25561007712688566,0.14999999999999997,0.7037970233919395,0.3161085937499999,0.27793324695747224,0.6408749999999999,0.5979714382965646
0.5468166872392113,2.2255549417606932,0.14999999999999997,0.46131582697216106,0.14999999999999997,0.27793324695747224,0.40499999999999986,0.5979714382965646
0.5545775792989078,0.25561007712688566,0.14999999999999997,0.3804887614989016,0.2774999999999999,0.46688436962147073,0.14999999999999997,0.5979714382965646
0.5447706577005446,0.25561007712688566,0.14999999999999997,0.3804887614989016,0.14999999999999997,0.351797625954453,0.14999999999999997,0.6826623549239603
0.5511083923427347,0.25561007712688566,0.14999999999999997,0.4882581821299142,0.21374999999999994,0.27793324695747224,4.290392838973407,0.852044188178752
0.5576865405348406,0.25561007712688566,0.14999999999999997,0.3804887614989016,0.14999999999999997,0.42471737209935895,4.565109407536701,0.8766709676579729
0.561260820497012,0.4710754063963169,0.14999999999999997,0.3804887614989016,0.14999999999999997,0.27793324695747224,0.3412499999999999,0.5979714382965646
0.5587657389420478,0.3852075453828613,0.14999999999999997,0.3804887614989016,0.14999999999999997,0.46688436962147073,0.14999999999999997,0.5979714382965646
0.5456713255163876,0.29181935065624487,0.14999999999999997,0.3804887614989016,0.14999999999999997,0.42236819716176377,0.14999999999999997,0.8766709676579729
0.5534308674074861,0.25561007712688566,0.14999999999999997,0.3804887614989016,0.14999999999999997,0.27793324695747224,0.14999999999999997,0.5979714382965646
0.5547996265578682,0.2827670322739051,0.14999999999999997,0.3804887614989016,0.21374999999999994,0.33211022294678016,0.40499999999999986,0.6826623549239603
0.5431915813392209,0.25561007712688566,0.5324999999999998,0.3804887614989016,0.14999999999999997,0.525948433542851,0.14999999999999997,0.852044188178752
0.5568979116072225,0.3280286241856042,0.14999999999999997,0.4882581821299142,0.21374999999999994,0.3971787318771889,0.14999999999999997,0.5979714382965646
0.5477519592052693,0.25561007712688566,0.40499999999999986,0.3804887614989016,0.14999999999999997,0.4280801465956189,0.577125,0.5979714382965646
0.5528276749704875,0.25561007712688566,0.14999999999999997,0.3804887614989016,0.21374999999999994,0.5442774471762517,0.14999999999999997,0.5979714382965646
0.5345649356508848,0.25561007712688566,0.14999999999999997,0.3804887614989016,0.21374999999999994,0.4241673048536847,0.40499999999999986,0.6441664837296897
0.5423704874524292,0.4728657183030413,0.14999999999999997,0.5421428924454206,0.14999999999999997,0.27793324695747224,0.14999999999999997,0.5979714382965646
0.5377574669688816,0.700051213190314,0.14999999999999997,0.3804887614989016,0.14999999999999997,0.27793324695747224,0.14999999999999997,0.6342675454225914
0.5469490756846028,0.25561007712688566,0.14999999999999997,0.3804887614989016,0.14999999999999997,0.35467217485817776,0.14999999999999997,0.5979714382965646
0.5502146993238496,0.25561007712688566,0.14999999999999997,0.44515041387750914,0.14999999999999997,0.27793324695747224,0.14999999999999997,0.629730532031838
0.5448809392200706,0.25561007712688566,0.5324999999999998,0.3804887614989016,0.14999999999999997,0.29747955544079535,0.14999999999999997,0.5979714382965646
0.5488341061751673,0.25561007712688566,0.14999999999999997,0.3804887614989016,0.14999999999999997,0.3416177565543284,0.14999999999999997,0.8766709676579729
0.5404644840916207,0.25561007712688566,0.14999999999999997,0.3804887614989016,0.14999999999999997,0.3220218169666747,0.14999999999999997,0.7250078132376584
0.5351849045297294,0.25561007712688566,0.14999999999999997,0.3804887614989016,0.14999999999999997,0.46688436962147073,0.14999999999999997,0.5979714382965646
0.5501040825805817,0.25561007712688566,0.14999999999999997,0.8654511543384583,0.14999999999999997,0.27793324695747224,0.40499999999999986,0.5979714382965646
0.5516833823377589,0.3873213002624873,0.14999999999999997,0.3804887614989016,0.14999999999999997,0.46688436962147073,0.14999999999999997,0.5979714382965646
3.3405670687476094,0.3280286241856042,0.14999999999999997,0.3804887614989016,0.14999999999999997,0.27793324695747224,0.14999999999999997,0.6544320493814951
0.5359084560406708,0.25561007712688566,0.14999999999999997,0.3804887614989016,0.21374999999999994,0.27793324695747224,3.830741390047788,0.5979714382965646
0.553970408366362,0.25561007712688566,0.14999999999999997,0.6796196267896673,0.14999999999999997,0.3626339170518725,0.14999999999999997,0.6544320493814951
0.5355225449942859,1.2753373318328387,0.14999999999999997,0.3804887614989016,0.14999999999999997,0.49043399284231787,5.061501333567979,0.5979714382965646
0.5518687999492828,0.25561007712688566,0.14999999999999997,0.3804887614989016,0.21374999999999994,0.4259732531753454,0.7392881149646819,0.5979714382965646
0.555072148712968,0.25561007712688566,0.14999999999999997,1.0944569041439736,0.21374999999999994,0.27793324695747224,0.9365602705051342,0.5979714382965646
0.5397243917787541,0.25561007712688566,0.14999999999999997,0.3804887614989016,0.21374999999999994,0.27793324695747224,0.14999999999999997,0.6705636525486182
0.5550354255646391,0.4728657183030413,0.14999999999999997,0.3804887614989016,0.14999999999999997,0.46688436962147073,0.14999999999999997,0.6614896257671115
0.5599903561559055,0.25561007712688566,0.14999999999999997,0.3804887614989016,0.24084374999999994,0.37713252947817766,1.250730048247375,0.7673532715513562
0.5592034447495977,0.25561007712688566,0.14999999999999997,0.3804887614989016,0.14999999999999997,0.27793324695747224,0.14999999999999997,0.5979714382965646
0.555072148712968,0.25561007712688566,0.14999999999999997,0.3804887614989016,0.21374999999999994,0.46688436962147073,1.9899530546997066,0.5979714382965646
0.5389652135710599,0.25561007712688566,0.2774999999999999,0.5421428924454206,0.14999999999999997,0.27793324695747224,1.7034222231445306,0.852044188178752
0.5558051252558481,0.25561007712688566,0.14999999999999997,0.7037970233919395,0.14999999999999997,0.27793324695747224,1.3433790820312497,0.8766709676579729
0.5540790373966374,0.25561007712688566,0.14999999999999997,0.3804887614989016,0.14999999999999997,0.35668533218597936,0.3412499999999999,0.7673532715513562
2.4211784864568973,0.25561007712688566,0.14999999999999997,0.7037970233919395,0.2774999999999999,0.3188717688844409,0.14999999999999997,0.852044188178752
0.5517544183873718,0.25561007712688566,0.14999999999999997,0.3804887614989016,0.14999999999999997,0.27793324695747224,0.3412499999999999,0.8766709676579729
0.5328070633575115,0.25561007712688566,0.14999999999999997,0.3804887614989016,0.14999999999999997,0.2853162549476448,0.14999999999999997,0.6705636525486182
0.5596980525764885,0.25561007712688566,0.14999999999999997,0.3804887614989016,0.21374999999999994,0.3971787318771889,0.14999999999999997,0.5979714382965646
0.5526510613492123,0.25561007712688566,0.14999999999999997,0.7632116508184078,0.3683437499999999,0.27793324695747224,0.14999999999999997,0.852044188178752
0.5581673479836268,0.47222065055965595,0.14999999999999997,0.3804887614989016,0.14999999999999997,0.27793324695747224,0.6929507812499999,0.5979714382965646
0.5480382839871141,0.25561007712688566,0.14999999999999997,0.3804887614989016,0.21374999999999994,0.27793324695747224,0.48628124999999983,0.852044188178752
0.5323049931394879,0.6335797468506081,0.14999999999999997,0.3804887614989016,0.14999999999999997,0.27793324695747224,0.3412499999999999,1.360189687943127
0.5582009924664746,0.25561007712688566,0.14999999999999997,1.887233505726823,0.14999999999999997,0.46688436962147073,0.14999999999999997,0.5979714382965646
2.463594501598403,0.25561007712688566,0.14999999999999997,0.3804887614989016,0.14999999999999997,0.43034650260029583,0.14999999999999997,0.6705636525486182
0.5640970016857589,0.36423789771496345,0.14999999999999997,0.3804887614989016,0.14999999999999997,0.7249745918023329,0.14999999999999997,0.629730532031838
0.5513016449282943,0.25561007712688566,0.14999999999999997,0.3804887614989016,0.14999999999999997,0.27793324695747224,0.14999999999999997,0.7673532715513562
0.5611526171834729,0.25561007712688566,0.3412499999999999,0.3804887614989016,0.14999999999999997,0.27793324695747224,0.3412499999999999,0.852044188178752
0.5574345445995749,0.25561007712688566,0.14999999999999997,0.3804887614989016,0.14999999999999997,0.47455291812481765,0.14999999999999997,0.7673532715513562
0.56588636537519,1.2477817024479583,0.14999999999999997,1.0865199127114458,0.14999999999999997,0.49632517357142,0.14999999999999997,0.7673532715513562
0.5429625461667628,0.39116631210213876,0.14999999999999997,0.7587877171296381,0.14999999999999997,0.27793324695747224,2.40977852805037,0.5979714382965646
0.539477762149623,0.2990612053621167,0.14999999999999997,0.3804887614989016,0.14999999999999997,0.4858068247694699,2.0767414864305027,0.852044188178752
0.5610332600237914,0.25561007712688566,0.3412499999999999,0.6796196267896673,0.14999999999999997,0.27793324695747224,2.6403844619233094,0.6544320493814951
0.5473031223670413,0.25561007712688566,0.14999999999999997,0.3804887614989016,0.14999999999999997,0.29578158863145615,1.1656249179131681,0.6544320493814951
1.975940402612026,0.25561007712688566,0.14999999999999997,0.5421428924454206,0.14999999999999997,0.27793324695747224,1.5984556892074544,0.852044188178752
0.5530957130851242,0.25561007712688566,0.14999999999999997,0.3804887614989016,0.14999999999999997,0.27793324695747224,1.621897538581283,0.5979714382965646
0.5694268360605576,0.25561007712688566,0.14999999999999997,0.3804887614989016,0.14999999999999997,0.46688436962147073,0.14999999999999997,0.6705636525486182
0.5534590586317737,0.25561007712688566,0.14999999999999997,0.3804887614989016,0.14999999999999997,0.27793324695747224,0.40499999999999986,0.7673532715513562
0.5553620429266887,0.25561007712688566,0.40499999999999986,0.3804887614989016,0.14999999999999997,0.27793324695747224,0.14999999999999997,1.137876031796213
0.5460040924004277,0.25561007712688566,0.14999999999999997,0.3804887614989016,0.14999999999999997,4.10040211054474,0.14999999999999997,0.6342675454225914
0.54528034898078,0.25561007712688566,0.14999999999999997,0.3804887614989016,0.24084374999999994,0.35668533218597936,0.14999999999999997,0.8766709676579729
0.5544050665991006,0.36423789771496345,0.4687499999999999,0.3804887614989016,0.14999999999999997,0.8667061390588359,0.2774999999999999,0.8766709676579729
1.9357536394821786,0.25561007712688566,0.14999999999999997,1.2091429901990751,0.21374999999999994,0.27793324695747224,0.14999999999999997,1.1307437175401605
0.5490919662946235,0.25561007712688566,0.14999999999999997,0.5421428924454206,0.14999999999999997,0.5850124974642315,0.3412499999999999,0.852044188178752
0.5515868439830696,0.25561007712688566,0.14999999999999997,0.5421428924454206,0.14999999999999997,0.27793324695747224,0.14999999999999997,0.5979714382965646
0.5518650351306399,0.25561007712688566,0.14999999999999997,5.888071533602709,0.14999999999999997,0.46688436962147073,0.14999999999999997,0.5979714382965646
0.5513666594588059,0.25561007712688566,0.14999999999999997,0.3804887614989016,0.21374999999999994,0.2950396051873198,0.14999999999999997,0.5979714382965646
0.5559617249381986,0.25561007712688566,0.14999999999999997,0.3804887614989016,0.21374999999999994,0.27793324695747224,0.14999999999999997,0.5979714382965646
0.5614639094204499,0.25561007712688566,0.14999999999999997,0.3804887614989016,0.14999999999999997,0.27793324695747224,0.14999999999999997,0.7250078132376584
0.5637584505748828,0.25561007712688566,0.14999999999999997,0.5421428924454206,0.14999999999999997,0.27793324695747224,0.14999999999999997,0.5979714382965646
0.5617499606955408,0.25561007712688566,0.14999999999999997,0.3804887614989016,0.21374999999999994,0.4379776012177455,0.14999999999999997,0.5979714382965646
0.5563178217805741,0.25561007712688566,0.14999999999999997,0.3804887614989016,0.14999999999999997,0.46688436962147073,0.14999999999999997,1.0214260214335436
0.5446735144365059,0.25561007712688566,0.14999999999999997,0.3804887614989016,0.14999999999999997,0.27793324695747224,0.14999999999999997,0.7250078132376584
0.55009350388791,0.25561007712688566,0.14999999999999997,0.3804887614989016,0.14999999999999997,0.6754012480991424,0.14999999999999997,0.5979714382965646
0.555302544394149,0.25561007712688566,0.14999999999999997,0.3804887614989016,0.14999999999999997,0.27793324695747224,0.14999999999999997,0.5979714382965646
0.5516247404267697,0.25561007712688566,0.14999999999999997,0.8654511543384583,0.21374999999999994,0.27793324695747224,0.14999999999999997,0.5979714382965646
0.5412365624894087,0.25561007712688566,0.14999999999999997,0.7037970233919395,0.21374999999999994,0.27793324695747224,0.40499999999999986,0.5979714382965646
0.5350542336095024,0.25561007712688566,0.2774999999999999,0.3804887614989016,0.14999999999999997,0.6815494238357087,0.14999999999999997,0.6996005382494396
0.5628026771149784,0.36423789771496345,0.14999999999999997,0.3804887614989016,0.14999999999999997,0.27793324695747224,0.14999999999999997,0.5979714382965646
0.5550245790122983,0.3280286241856042,0.14999999999999997,0.3804887614989016,0.21374999999999994,0.27793324695747224,0.3412499999999999,0.5979714382965646
0.5443778725373644,0.25561007712688566,0.14999999999999997,0.3804887614989016,0.14999999999999997,0.6079547389003608,0.14999999999999997,0.5979714382965646
0.5418356281677627,0.25561007712688566,0.14999999999999997,0.3804887614989016,0.14999999999999997,0.36406834017615197,0.14999999999999997,0.6826623549239603
0.5595940096697279,0.8439741442683746,0.14999999999999997,0.3804887614989016,0.14999999999999997,0.28974240355221675,0.14999999999999997,0.5979714382965646
0.5492155044728063,0.25561007712688566,0.21374999999999994,0.7037970233919395,0.14999999999999997,0.3971787318771889,0.14999999999999997,0.5979714382965646
0.5436794384598478,0.25561007712688566,0.14999999999999997,0.3804887614989016,0.14999999999999997,0.27793324695747224,0.14999999999999997,0.5979714382965646
0.541296052319117,0.25561007712688566,0.14999999999999997,0.3804887614989016,0.21374999999999994,0.46688436962147073,0.14999999999999997,0.7673532715513562
0.5460240994922235,0.25561007712688566,0.14999999999999997,0.3804887614989016,0.14999999999999997,0.27793324695747224,0.14999999999999997,0.5979714382965646
0.5470072582256751,0.25561007712688566,0.14999999999999997,0.3804887614989016,0.14999999999999997,0.27793324695747224,0.14999999999999997,0.5979714382965646
0.5458429699695937,0.25561007712688566,0.14999999999999997,0.3804887614989016,0.14999999999999997,0.27793324695747224,0.14999999999999997,0.5979714382965646
1.7894730775858108,0.25561007712688566,0.14999999999999997,0.3804887614989016,0.14999999999999997,0.39606137480023296,0.14999999999999997,0.5979714382965646
1.683186489344213,1.1544157519948075,0.14999999999999997,0.6108812596175438,0.14999999999999997,0.6558354922854692,0.14999999999999997,0.8766709676579729
0.5417885138077471,0.25561007712688566,0.14999999999999997,0.3804887614989016,0.14999999999999997,0.31614469256742067,0.2774999999999999,0.7673532715513562
0.5474139219725973,0.3489982718535021,0.14999999999999997,0.3804887614989016,0.14999999999999997,0.32359012691750677,0.14999999999999997,0.7673532715513562
0.5423926555219106,0.43238183996275686,0.14999999999999997,0.5421428924454206,0.14999999999999997,0.4161590607050486,0.14999999999999997,0.5979714382965646
0.5628026771149784,0.25561007712688566,0.14999999999999997,0.5421428924454206,0.14999999999999997,0.27793324695747224,0.14999999999999997,0.5979714382965646
2.343578501884607,0.25561007712688566,0.14999999999999997,0.7037970233919395,0.21374999999999994,0.46688436962147073,1.336233494848022,0.6544320493814951
0.5460516230589229,0.25561007712688566,0.14999999999999997,0.3804887614989016,0.14999999999999997,0.41875092348319276,1.2720548312255855,0.5979714382965646
1.264624846624214,0.3489982718535021,0.14999999999999997,0.3804887614989016,0.14999999999999997,0.27793324695747224,0.40499999999999986,0.5979714382965646
0.5694838036597463,0.6766850758967594,0.14999999999999997,0.3804887614989016,0.14999999999999997,0.29578158863145615,0.14999999999999997,0.852044188178752
0.5430076704786098,0.25561007712688566,0.14999999999999997,0.3804887614989016,0.14999999999999997,0.5566022491975331,0.6865828037109374,0.8766709676579729
0.5663389019174971,0.25561007712688566,0.14999999999999997,0.3804887614989016,0.14999999999999997,0.46688436962147073,0.6850477734374999,0.852044188178752
0.5714738127908447,0.25561007712688566,0.14999999999999997,0.5421428924454206,0.14999999999999997,0.46688436962147073,0.14999999999999997,0.7250078132376584
0.5465923812102977,0.29181935065624487,0.14999999999999997,0.3804887614989016,0.14999999999999997,0.27793324695747224,0.2774999999999999,0.8766709676579729
1.4255197540142408,0.25561007712688566,0.14999999999999997,0.6796196267896673,0.14999999999999997,0.27793324695747224,0.14999999999999997,0.5979714382965646
1.7274562381729996,0.25561007712688566,0.14999999999999997,0.3804887614989016,0.14999999999999997,0.46688436962147073,0.14999999999999997,0.8766709676579729
0.5393749301550743,0.25561007712688566,0.14999999999999997,0.3804887614989016,0.14999999999999997,0.27793324695747224,0.14999999999999997,0.8766709676579729
0.5448426047754155,0.25561007712688566,0.14999999999999997,0.3804887614989016,0.14999999999999997,0.27793324695747224,0.5634984375,0.5979714382965646
1.0564760553059003,0.25561007712688566,0.14999999999999997,0.3804887614989016,0.14999999999999997,0.27793324695747224,0.3954374999999999,0.5979714382965646
0.5804327936788369,0.3280286241856042,0.14999999999999997,0.3804887614989016,0.14999999999999997,0.3325641973606324,0.14999999999999997,0.6996005382494396
0.5840154063907511,0.25561007712688566,0.14999999999999997,0.3804887614989016,0.14999999999999997,0.27793324695747224,0.14999999999999997,0.7673532715513562
0.556577030503973,0.25561007712688566,0.14999999999999997,0.3804887614989016,0.21374999999999994,0.46688436962147073,0.14999999999999997,0.5979714382965646
1.2670342441199511,0.25561007712688566,0.14999999999999997,0.3804887614989016,0.14999999999999997,0.27793324695747224,0.2774999999999999,0.5979714382965646
0.5641938420500369,0.25561007712688566,0.14999999999999997,0.3804887614989016,0.21374999999999994,0.3336670474054844,0.14999999999999997,0.5979714382965646
0.567678757373946,0.25561007712688566,0.14999999999999997,0.3804887614989016,0.14999999999999997,0.6558354922854692,0.14999999999999997,0.852044188178752
0.5589803378583716,0.25561007712688566,0.14999999999999997,0.3804887614989016,0.14999999999999997,0.3734334037733257,0.14999999999999997,0.7673532715513562
0.8124256762950322,0.25561007712688566,0.14999999999999997,0.3804887614989016,0.14999999999999997,0.27793324695747224,0.14999999999999997,0.5979714382965646
0.5833341485160527,0.25561007712688566,0.14999999999999997,0.3804887614989016,0.14999999999999997,0.46688436962147073,0.14999999999999997,0.5979714382965646
0.5626223776344437,0.25561007712688566,0.14999999999999997,0.3804887614989016,0.14999999999999997,0.27793324695747224,0.14999999999999997,0.852044188178752
0.5751753332584281,0.25561007712688566,0.14999999999999997,0.3804887614989016,0.14999999999999997,0.27793324695747224,0.14999999999999997,0.5979714382965646
0.5586634077253871,0.25561007712688566,0.14999999999999997,0.3804887614989016,0.14999999999999997,0.27793324695747224,0.14999999999999997,0.5979714382965646
0.546212212591994,0.25561007712688566,0.14999999999999997,0.3804887614989016,0.14999999999999997,0.46688436962147073,0.14999999999999997,0.8766709676579729
0.5537925048235028,0.25561007712688566,0.14999999999999997,0.3804887614989016,0.14999999999999997,0.27793324695747224,0.14999999999999997,0.7250078132376584
0.5562402168838116,0.25561007712688566,0.14999999999999997,0.3804887614989016,0.14999999999999997,0.27793324695747224,0.14999999999999997,0.852044188178752
